DateTime	RunTime	ID	Tag	Y	Alg	NumInstances	FeatureNum	CVfold	CV_rep	MSE_val	MSE_val_sd	MSE_val_se	EVS_val	EVS_val_sd	EVS_val_se	r2_val	r2_val_sd	r2_val_se	PCC_val	PCC_val_sd	PCC_val_se	MSE_test	MSE_test_sd	MSE_test_se	EVS_test	EVS_test_sd	EVS_test_se	r2_test	r2_test_sd	r2_test_se	PCC_test	PCC_test_sd	PCC_test_se
2020-06-16 13:44:27	76.8436770439148	/Users/SLotreck/GitHub/yeast-interpretability/interpretation/auto-mpg.csv_RF		mpg	RF	352	7	5	1	10.637979065904396	0.0	0.0	0.8306829098873367	0.0	0.0	0.8294718265388475	0.0	0.0	0.9116996678898865	0.0	0.0	7.583315082644624	0.0	0.0	0.8372981255964564	0.0	0.0	0.8368955064214295	0.0	0.0	0.9276491165158404	0.0	0.0
2020-06-16 13:56:32	61.97528314590454	/Users/SLotreck/GitHub/yeast-interpretability/interpretation/auto-mpg.csv_RF		mpg	RF	352	7	5	1	10.769310745768216	0.0	0.0	0.8285699384943693	0.0	0.0	0.827366562809147	0.0	0.0	0.9104332488727583	0.0	0.0	7.642160469958355	0.0	0.0	0.8360408214237968	0.0	0.0	0.8356298400218879	0.0	0.0	0.9268233403624008	0.0	0.0
2020-06-16 14:56:55	35.58809781074524	/Users/SLotreck/GitHub/yeast-interpretability/interpretation/auto-mpg.csv_RF		mpg	RF	352	7	5	1	10.741354114202972	0.0	0.0	0.8288891692803992	0.0	0.0	0.827814711210964	0.0	0.0	0.910513571678972	0.0	0.0	7.081806786703604	0.0	0.0	0.8479620253008819	0.0	0.0	0.8476821156739077	0.0	0.0	0.931686661103816	0.0	0.0
2020-06-16 15:36:51	34.73319983482361	/Users/SLotreck/GitHub/yeast-interpretability/interpretation/auto-mpg.csv_RF		mpg	RF	352	7	5	1	10.422031732615414	0.0	0.0	0.834086104729869	0.0	0.0	0.8329334900824058	0.0	0.0	0.9133760167108942	0.0	0.0	7.232290863177221	0.0	0.0	0.8447363079558426	0.0	0.0	0.8444454534994661	0.0	0.0	0.9325168335713305	0.0	0.0
2020-06-16 15:47:45	51.57242393493652	/Users/SLotreck/GitHub/yeast-interpretability/interpretation/auto-mpg.csv_RF		mpg	RF	352	7	5	1	10.685247517155629	0.0	0.0	0.8297339867736034	0.0	0.0	0.8287141071821659	0.0	0.0	0.9110258666879928	0.0	0.0	7.6800105609418265	0.0	0.0	0.8351722818099303	0.0	0.0	0.8348157475234909	0.0	0.0	0.9262140865353455	0.0	0.0
2020-06-16 15:50:44	43.33526396751404	/Users/SLotreck/GitHub/yeast-interpretability/interpretation/auto-mpg.csv_RF		mpg	RF	352	7	5	1	10.768014117578849	0.0	0.0	0.8292016611821689	0.0	0.0	0.8273873479258897	0.0	0.0	0.9106894730729391	0.0	0.0	7.234700255102038	0.0	0.0	0.8446598307594586	0.0	0.0	0.8443936314868705	0.0	0.0	0.9313356635102508	0.0	0.0
2020-06-17 14:14:42	76.86747884750366	/Users/SLotreck/GitHub/yeast-interpretability/interpretation/auto-mpg.csv_RF		mpg	RF	352	7	5	1	11.095815962883268	0.0	0.0	0.8241606066199628	0.0	0.0	0.822132642159818	0.0	0.0	0.9078483955398591	0.0	0.0	6.875068047337281	0.0	0.0	0.8525074247032587	0.0	0.0	0.8521287220749247	0.0	0.0	0.933896037032033	0.0	0.0
2020-06-17 14:16:53	48.386725187301636	/Users/SLotreck/GitHub/yeast-interpretability/interpretation/auto-mpg.csv_RF		mpg	RF	352	7	5	1	10.374729420055045	0.0	0.0	0.8350124091273889	0.0	0.0	0.8336917522402306	0.0	0.0	0.9139146285992316	0.0	0.0	7.175059570312496	0.0	0.0	0.8459524121876789	0.0	0.0	0.8456764034122439	0.0	0.0	0.9327281491261882	0.0	0.0
2020-06-17 14:19:23	78.70447826385498	/Users/SLotreck/GitHub/yeast-interpretability/interpretation/auto-mpg.csv_RF		mpg	RF	352	7	5	1	10.483093928762502	0.0	0.0	0.8331595906080056	0.0	0.0	0.8319546552198835	0.0	0.0	0.9129423044552739	0.0	0.0	7.622911158895427	0.0	0.0	0.8361842734759045	0.0	0.0	0.8360438606841495	0.0	0.0	0.9285803806966094	0.0	0.0
2020-06-18 13:52:51	64.18269085884094	/Users/SLotreck/GitHub/yeast-interpretability/interpretation/auto-mpg.csv_RF		mpg	RF	352	7	5	1	10.637979065904396	0.0	0.0	0.8306829098873367	0.0	0.0	0.8294718265388475	0.0	0.0	0.9116996678898865	0.0	0.0	7.583315082644624	0.0	0.0	0.8372981255964564	0.0	0.0	0.8368955064214295	0.0	0.0	0.9276491165158404	0.0	0.0
2020-06-18 13:55:31	48.02817726135254	/Users/SLotreck/GitHub/yeast-interpretability/interpretation/auto-mpg.csv_RF		mpg	RF	352	7	5	1	10.570635339931684	0.0	0.0	0.8317120745682061	0.0	0.0	0.8305513551328643	0.0	0.0	0.9122305194680689	0.0	0.0	7.585108193752826	0.0	0.0	0.8372526445381059	0.0	0.0	0.836856939584097	0.0	0.0	0.9278573913579564	0.0	0.0
2020-06-18 15:51:12	68.36144995689392	/Users/SLotreck/GitHub/yeast-interpretability/interpretation/auto-mpg.csv_RF		mpg	RF	352	7	5	1	10.964366677024147	0.0	0.0	0.8259970253743212	0.0	0.0	0.8242397911287583	0.0	0.0	0.9089191704596821	0.0	0.0	6.991509765625004	0.0	0.0	0.8500667737232919	0.0	0.0	0.8496242544000678	0.0	0.0	0.9331574649327693	0.0	0.0
2020-06-18 16:06:52	68.43821907043457	/Users/SLotreck/GitHub/yeast-interpretability/interpretation/auto-mpg.csv_RF		mpg	RF	352	7	5	1	10.676370386457549	0.0	0.0	0.830380086322558	0.0	0.0	0.8288564087296817	0.0	0.0	0.9114716687452988	0.0	0.0	7.883663739669416	0.0	0.0	0.831397415928445	0.0	0.0	0.830435506399388	0.0	0.0	0.9279590848940018	0.0	0.0
2020-06-18 16:15:22	82.4591429233551	/Users/SLotreck/GitHub/yeast-interpretability/interpretation/auto-mpg.csv_RF		mpg	RF	352	7	5	1	11.040928994809201	0.0	0.0	0.8242371818207455	0.0	0.0	0.8230124873216205	0.0	0.0	0.9079285594691126	0.0	0.0	7.648678240740738	0.0	0.0	0.835932387206167	0.0	0.0	0.8354896536138149	0.0	0.0	0.9293240029729091	0.0	0.0
2020-06-18 16:20:25	52.72109508514404	/Users/SLotreck/GitHub/yeast-interpretability/interpretation/auto-mpg.csv_RF		mpg	RF	352	7	5	1	11.040928994809201	0.0	0.0	0.8242371818207455	0.0	0.0	0.8230124873216205	0.0	0.0	0.9079285594691126	0.0	0.0	7.648678240740738	0.0	0.0	0.835932387206167	0.0	0.0	0.8354896536138149	0.0	0.0	0.9293240029729091	0.0	0.0
2020-06-18 16:26:24	65.0224838256836	/Users/SLotreck/GitHub/yeast-interpretability/interpretation/auto-mpg.csv_RF		mpg	RF	352	7	5	1	10.561793176775147	0.0	0.0	0.8316931409125401	0.0	0.0	0.8306930961461891	0.0	0.0	0.9121110667814349	0.0	0.0	7.291433062130179	0.0	0.0	0.8434926255883867	0.0	0.0	0.8431734031752719	0.0	0.0	0.9296629678445999	0.0	0.0
2020-06-19 11:00:20	76.61341905593872	/Users/SLotreck/GitHub/yeast-interpretability/interpretation/auto-mpg.csv_RF		mpg	RF	352	7	5	1	10.582023975699906	0.0	0.0	0.8311263968025316	0.0	0.0	0.8303687938358606	0.0	0.0	0.9117687204668564	0.0	0.0	7.559718641868509	0.0	0.0	0.8377563104613112	0.0	0.0	0.8374030266129422	0.0	0.0	0.9267650868727764	0.0	0.0
2020-06-19 11:25:03	81.36046886444092	/Users/SLotreck/GitHub/yeast-interpretability/interpretation/auto-mpg.csv_RF		mpg	RF	352	7	5	1	10.66927315340909	0.0	0.0	0.8301358255325837	0.0	0.0	0.8289701782888136	0.0	0.0	0.9111965483526012	0.0	0.0	7.874730624999998	0.0	0.0	0.831378762681853	0.0	0.0	0.8306276428368636	0.0	0.0	0.9284704340171498	0.0	0.0
2020-06-19 11:27:13	59.992323875427246	/Users/SLotreck/GitHub/yeast-interpretability/interpretation/auto-mpg.csv_RF		mpg	RF	352	7	5	1	10.70982653806496	0.0	0.0	0.8295688052764638	0.0	0.0	0.8283201023138385	0.0	0.0	0.9109524995917384	0.0	0.0	7.723778355387518	0.0	0.0	0.8347151825506453	0.0	0.0	0.8338743750669444	0.0	0.0	0.9289400431048854	0.0	0.0
2020-06-19 14:09:46	48.12947487831116	/Users/SLotreck/GitHub/yeast-interpretability/interpretation/auto-mpg.csv_RF		mpg	RF	352	7	5	1	10.582023975699906	0.0	0.0	0.8311263968025316	0.0	0.0	0.8303687938358606	0.0	0.0	0.9117687204668564	0.0	0.0	7.559718641868509	0.0	0.0	0.8377563104613112	0.0	0.0	0.8374030266129422	0.0	0.0	0.9267650868727764	0.0	0.0
2020-06-19 14:12:43	54.11815404891968	/Users/SLotreck/GitHub/yeast-interpretability/interpretation/auto-mpg.csv_RF		mpg	RF	352	7	5	1	10.343531942618332	0.0	0.0	0.8350128125298444	0.0	0.0	0.8341918518184418	0.0	0.0	0.9140766680762341	0.0	0.0	7.919235537190081	0.0	0.0	0.829936071935325	0.0	0.0	0.8296704162037338	0.0	0.0	0.927734754859155	0.0	0.0
2020-06-19 14:14:33	45.23576283454895	/Users/SLotreck/GitHub/yeast-interpretability/interpretation/auto-mpg.csv_RF		mpg	RF	352	7	5	1	10.854297735136832	0.0	0.0	0.8276182429693686	0.0	0.0	0.8260042104323273	0.0	0.0	0.9098235754712384	0.0	0.0	6.890060553633221	0.0	0.0	0.8521313466636	0.0	0.0	0.8518062582025651	0.0	0.0	0.9336917792070671	0.0	0.0
2020-06-19 14:34:02	49.94012689590454	/Users/SLotreck/GitHub/yeast-interpretability/interpretation/auto-mpg.csv_RF		mpg	RF	352	7	5	1	10.457513705936924	0.0	0.0	0.8337373291757304	0.0	0.0	0.8323647094837762	0.0	0.0	0.9135040326465875	0.0	0.0	7.91840306122449	0.0	0.0	0.8297789944887741	0.0	0.0	0.8296883213770392	0.0	0.0	0.924645223235637	0.0	0.0
2020-06-24 15:56:37	9.732297897338867	/Users/SLotreck/GitHub/yeast-interpretability/interpretation/auto-mpg.csv_RF		mpg	RF	352	7	5	1	12.443260427556982	0.0	0.0	0.8021149166835395	0.0	0.0	0.8005329339842676	0.0	0.0	0.8976737824207762	0.0	0.0	5.59360403980849	0.0	0.0	0.8797181327929436	0.0	0.0	0.8796908813297208	0.0	0.0	0.9413583988417027	0.0	0.0
2020-06-24 16:18:01	11.516207933425903	/Users/SLotreck/GitHub/yeast-interpretability/interpretation/auto-mpg.csv_RF		mpg	RF	352	7	5	1	12.443260427556982	0.0	0.0	0.8021149166835395	0.0	0.0	0.8005329339842676	0.0	0.0	0.8976737824207762	0.0	0.0	5.59360403980849	0.0	0.0	0.8797181327929436	0.0	0.0	0.8796908813297208	0.0	0.0	0.9413583988417027	0.0	0.0
2020-06-24 16:19:42	8.672625303268433	/Users/SLotreck/GitHub/yeast-interpretability/interpretation/auto-mpg.csv_RF		mpg	RF	352	7	5	1	12.443260427556982	0.0	0.0	0.8021149166835395	0.0	0.0	0.8005329339842676	0.0	0.0	0.8976737824207762	0.0	0.0	5.59360403980849	0.0	0.0	0.8797181327929436	0.0	0.0	0.8796908813297208	0.0	0.0	0.9413583988417027	0.0	0.0
2020-06-25 15:53:01	11.920723915100098	/Users/SLotreck/GitHub/yeast-interpretability/interpretation/auto-mpg.csv_RF		mpg	RF	352	7	5	1	12.443260427556982	0.0	0.0	0.8021149166835395	0.0	0.0	0.8005329339842676	0.0	0.0	0.8976737824207762	0.0	0.0	5.59360403980849	0.0	0.0	0.8797181327929436	0.0	0.0	0.8796908813297208	0.0	0.0	0.9413583988417027	0.0	0.0
2020-06-26 11:00:33	9.704977989196777	/Users/SLotreck/GitHub/yeast-interpretability/interpretation/auto-mpg.csv_RF		mpg	RF	352	7	5	1	12.443260427556982	0.0	0.0	0.8021149166835395	0.0	0.0	0.8005329339842676	0.0	0.0	0.8976737824207762	0.0	0.0	5.59360403980849	0.0	0.0	0.8797181327929436	0.0	0.0	0.8796908813297208	0.0	0.0	0.9413583988417027	0.0	0.0
2020-06-26 11:02:28	8.770221948623657	/Users/SLotreck/GitHub/yeast-interpretability/interpretation/auto-mpg.csv_RF		mpg	RF	352	7	5	1	12.443260427556982	0.0	0.0	0.8021149166835395	0.0	0.0	0.8005329339842676	0.0	0.0	0.8976737824207762	0.0	0.0	5.59360403980849	0.0	0.0	0.8797181327929436	0.0	0.0	0.8796908813297208	0.0	0.0	0.9413583988417027	0.0	0.0
2020-06-26 14:13:43	9.214328050613403	/Users/SLotreck/GitHub/yeast-interpretability/interpretation/auto-mpg.csv_RF		mpg	RF	353	7	5	1	11.62044928338268	0.0	0.0	0.8068942919254198	0.0	0.0	0.8051820887676622	0.0	0.0	0.9003075948016751	0.0	0.0	8.855206942669708	0.0	0.0	0.873962739328114	0.0	0.0	0.8739616583874843	0.0	0.0	0.9374092212329119	0.0	0.0
2020-06-26 14:17:09	9.0350501537323	/Users/SLotreck/GitHub/yeast-interpretability/interpretation/auto-mpg.csv_RF		mpg	RF	353	7	5	1	11.62044928338268	0.0	0.0	0.8068942919254198	0.0	0.0	0.8051820887676622	0.0	0.0	0.9003075948016751	0.0	0.0	8.855206942669708	0.0	0.0	0.873962739328114	0.0	0.0	0.8739616583874843	0.0	0.0	0.9374092212329119	0.0	0.0
2020-07-08 14:11:49	9.288939952850342	/Users/SLotreck/GitHub/yeast-interpretability/interpretation/auto-mpg.csv_RF		mpg	RF	353	7	5	1	11.62044928338268	0.0	0.0	0.8068942919254198	0.0	0.0	0.8051820887676622	0.0	0.0	0.9003075948016751	0.0	0.0	8.855206942669708	0.0	0.0	0.873962739328114	0.0	0.0	0.8739616583874843	0.0	0.0	0.9374092212329119	0.0	0.0
